g  1  0  -29619.4  13.3 
g  1  1  -1728.2  11.6 
h  1  1  5186.1  -21.2 
g  2  0  -2267.7  -14.4 
g  2  1  3068.4  -3.7 
h  2  1  -2481.6  -22.7 
g  2  2  1670.9  -3.6 
h  2  2  -458.0  -11.1 
g  3  0  1339.6  -1.1 
g  3  1  -2288.0  -3.5 
h  3  1  -227.6  5.6 
g  3  2  1252.1  -1.2 
h  3  2  293.4  -4.5 
g  3  3  714.5  -8.5 
h  3  3  -491.1  -8.0 
g  4  0  932.3  -2.7 
g  4  1  786.8  2.2 
h  4  1  272.6  1.7 
g  4  2  250.0  -8.0 
h  4  2  -231.9  1.0 
g  4  3  -403.0  4.5 
h  4  3  119.8  5.1 
g  4  4  111.3  -1.9 
h  4  4  -303.8  -0.3 
g  5  0  -218.8  -1.4 
g  5  1  351.4  0.7 
h  5  1  43.8  -0.3 
g  5  2  222.3  -2.6 
h  5  2  171.9  1.5 
g  5  3  -130.4  -1.2 
h  5  3  -133.1  2.0 
g  5  4  -168.6  0.0 
h  5  4  -39.3  3.8 
g  5  5  -12.9  -0.2 
h  5  5  106.3  -0.5 
g  6  0  72.3  0.4 
g  6  1  68.2  0.3 
h  6  1  -17.4  -0.7 
g  6  2  74.2  0.7 
h  6  2  63.7  -1.8 
g  6  3  -160.9  1.9 
h  6  3  65.1  -0.2 
g  6  4  -5.9  -1.7 
h  6  4  -61.2  -0.4 
g  6  5  16.9  -0.5 
h  6  5  0.7  -0.2 
g  6  6  -90.4  0.7 
h  6  6  43.8  1.5 
g  7  0  79.0  0.2 
g  7  1  -74.0  -0.1 
h  7  1  -64.6  0.7 
g  7  2  0.0  -0.3 
h  7  2  -24.2  0.3 
g  7  3  33.3  1.1 
h  7  3  6.2  0.1 
g  7  4  9.1  0.7 
h  7  4  24.0  0.3 
g  7  5  6.9  0.5 
h  7  5  14.8  -0.8 
g  7  6  7.3  -0.3 
h  7  6  -25.4  -0.1 
g  7  7  -1.2  0.5 
h  7  7  -5.8  0.2 
g  8  0  24.4  0.1 
g  8  1  6.6  0.2 
h  8  1  11.9  -0.2 
g  8  2  -9.2  -0.5 
h  8  2  -21.5  0.1 
g  8  3  -7.9  0.2 
h  8  3  8.5  0.3 
g  8  4  -16.6  -0.4 
h  8  4  -21.5  0.4 
g  8  5  9.1  0.2 
h  8  5  15.5  0.1 
g  8  6  7.0  0.5 
h  8  6  8.9  -0.3 
g  8  7  -7.9  -0.7 
h  8  7  -14.9  0.4 
g  8  8  -7.0  0.4 
h  8  8  -2.1  0.4 
g  9  0  5.0  0.0 
g  9  1  9.4  0.0 
h  9  1  -19.7  0.0 
g  9  2  3.0  0.0 
h  9  2  13.4  0.0 
g  9  3  -8.4  0.0 
h  9  3  12.5  0.0 
g  9  4  6.3  0.0 
h  9  4  -6.2  0.0 
g  9  5  -8.9  0.0 
h  9  5  -8.4  0.0 
g  9  6  -1.5  0.0 
h  9  6  8.4  0.0 
g  9  7  9.3  0.0 
h  9  7  3.8  0.0 
g  9  8  -4.3  0.0 
h  9  8  -8.2  0.0 
g  9  9  -8.2  0.0 
h  9  9  4.8  0.0 
g  10  0  -2.6  0.0 
g  10  1  -6.0  0.0 
h  10  1  1.7  0.0 
g  10  2  1.7  0.0 
h  10  2  0.0  0.0 
g  10  3  -3.1  0.0 
